ACTIVATION:relu
N_FEATURES:10
SCALER_MEAN:67.319169533170466,77632.54817234166,68.116872762877605,23.43447170644918,1141.5852231051731,0.0015082422163699787,-45.535943189469876,-0.044016972767392561,0.053148058104747764,-0.45345040956473009
SCALER_SCALE:0.10852398485122834,520.24787865974372,0.5309999969818161,3.2221912377694824,43.325412967600386,2.7224531894796176,3744.1685219618935,1.2856301446809084,3.4470734678128943,24.013925273131036
LAYERS:4
IN_OUT:10,5
W_ROW:0.066279960059025589,-0.10713271956882262,0.12553661585429646,-0.034100678787442371,-0.26143698332153709
W_ROW:-0.67069697183767418,-0.51569002485290183,0.51280051982280495,0.20598765403784539,-0.11968466924383568
W_ROW:-0.27648857542369965,-0.2731079283548124,1.9963395675922351,-0.42966574867348356,-0.43096204846851233
W_ROW:-0.24100342648638279,-0.17561966135296742,-0.69423389089076648,-0.15043386737377445,-0.27579300881280933
W_ROW:0.13101284904003246,-0.45383008831431987,0.28904856909080734,-0.19649797960054061,-0.20528365762259382
W_ROW:0.62347706807608683,-0.8042071462930791,-0.23012534462207582,0.0077606759482881267,-1.0421128773748489
W_ROW:-0.15114184653952042,-0.10359799580237636,-1.0945406543875602,1.7962347832988061,0.0074395173084683772
W_ROW:0.26552492846894976,0.22836014748780942,-0.75161317105586567,0.29744745264353556,0.31915708312050878
W_ROW:0.0039789764032395394,0.0034604655447685422,-1.6449425098361692,0.14458506389104503,0.17508595973009028
W_ROW:-0.36942840542446964,-0.18648723972725459,-0.16591693870142371,-0.5005596193822115,-0.068900471972746527
B:0.71913991612073258,0.56846750528414514,0.62571808740315571,0.34573732582336186,0.16692881381241437
IN_OUT:5,3
W_ROW:0.92625262530608987,-0.49894558459876598,-0.76468607094534891
W_ROW:-1.2798037331141374,-0.050351303988224377,0.4285815206631447
W_ROW:-0.16133733195392469,1.2091210460306445,0.085191091233359648
W_ROW:-0.17031471797498454,0.47255158226431726,-1.1921879625430201
W_ROW:0.36993566377038173,-0.23474334732754518,1.4321282791951577
B:0.67862996575736834,-0.0094071550429780538,-0.43749347140448325
IN_OUT:3,5
W_ROW:0.7647312643938099,0.57246465253002177,0.57428661534949998,0.45247113626705865,-0.95288358150767971
W_ROW:0.16765013653189156,0.0077865335614094701,0.27527211110123551,0.50415263459607862,-1.9261998940890597
W_ROW:-0.27287167485243297,-0.84145453709900209,-0.02272890200844311,0.39823345328431353,0.78293391817133351
B:1.0282529429961229,0.19107427460367565,-0.37265675927839303,0.42557655509011194,0.59652881691095716
IN_OUT:5,1
W_ROW:0.42262659266406954
W_ROW:0.77187400312525067
W_ROW:0.098462446223477371
W_ROW:-0.14257330910002597
W_ROW:-0.64227140279337591
B:-0.84678002104790195
